x_0 f(x)
#Fras-Le - min: 0.3519294804477193, max: 3.2260366350919014
2011.0 1.2030194655089037
2011.25 3.2260366350919014
2011.5 2.868000312980882
2011.75 2.890686595671438
2012.0 1.2576011975805637
2012.25 0.8612654776997207
2012.5 0.7980963387221721
2012.75 0.6758641964107496
2013.0 0.8169442867628183
2013.25 0.8437477686353079
2013.5 1.0674273570753932
2013.75 1.255711506151741
2014.0 1.3541494774477447
2014.25 1.5174858641898719
2014.5 1.2968941945710324
2014.75 1.3152467992791863
2015.0 1.2299521679350878
2015.25 1.0516712691540424
2015.5 0.881943350331052
2015.75 0.8269471229931776
2016.0 0.81297976011994
2016.25 0.8584711883684019
2016.5 2.423868055588938
2016.75 2.1406657747828097
2017.0 2.2104265205342446
2017.25 2.05415510979665
2017.5 1.7755063218900993
2017.75 1.8436128304124062
2018.0 1.145649960078218
2018.25 1.0082700029413576
2018.5 0.8894999619839319
2018.75 1.2076277806295692
2019.0 0.6179662061665037
2019.25 0.5165879068418318
2019.5 0.3519294804477193
2019.75 0.6505429473315677
2020.0 0.6245571020208729
2020.25 0.4887557900809339
2020.5 1.126279390701613
2020.75 0.5796406748438694
2021.0 0.5743526620640365
2021.25 0.4787521094024621
2021.5 0.4121155229124176
2021.75 0.4433472875467834
2022.0 0.44774164158063545