x_0 f(x)
#TelefonicaBrasil - min: 0.6043486822512099, max: 1.0168268529035702
2011.0 0.9701752182846125
2011.25 0.8655988670768396
2011.5 0.6530785886825715
2011.75 0.6668143909331785
2012.0 0.8258173809283049
2012.25 0.8714415182703399
2012.5 0.8407872651006472
2012.75 0.9207126832658471
2013.0 0.8858868332588918
2013.25 1.0168268529035702
2013.5 1.0003807454565132
2013.75 0.9953486539710188
2014.0 0.9139176614062703
2014.25 0.8811115618889238
2014.5 0.9389044962218979
2014.75 0.9407935138157401
2015.0 0.813931939455115
2015.25 0.7645237712351828
2015.5 0.8394802386522112
2015.75 0.8297390082448497
2016.0 0.8852398071020264
2016.25 0.9165307732960576
2016.5 0.8756658207505589
2016.75 0.8854521747058866
2017.0 0.8548800919356894
2017.25 0.888560889064714
2017.5 0.8615545540157135
2017.75 0.8654853951530649
2018.0 0.8295497920985891
2018.25 0.8688103078764489
2018.5 0.8878732462245297
2018.75 0.8827057092810321
2019.0 0.8811570672605327
2019.25 0.714449354870333
2019.5 0.6729596961752267
2019.75 0.6594304976602385
2020.0 0.6452055791739939
2020.25 0.6976016319543972
2020.5 0.6856298202252211
2020.75 0.6852559793163681
2021.0 0.6043486822512099
2021.25 0.6430987362434847
2021.5 0.6477136105869579
2021.75 0.6632646693241341
2022.0 0.6114849778112734