x_0 f(x)
#liquidez_geral.min - min: 0.3609055683290344, max: 1.0800234339782862
2010.0 0.3646360652226176
2010.25 0.36299221431936995
2010.5 0.3609055683290344
2010.75 0.4106702231242497
2011.0 0.7979024202161841
2011.25 0.7923321084426443
2011.5 0.8379004490424131
2011.75 0.8171040050993307
2012.0 0.8300234258510072
2012.25 0.8315420991217835
2012.5 0.6661299057207746
2012.75 0.6541453993654297
2013.0 0.654688284113549
2013.25 0.6794200975676509
2013.5 0.6955152273675428
2013.75 0.687764279065512
2014.0 0.8844071460951031
2014.25 0.9009867862451644
2014.5 0.9030862768607386
2014.75 0.9113301770277239
2015.0 0.9245568122216054
2015.25 0.932497070193361
2015.5 0.9601896032527241
2015.75 0.9274074775892289
2016.0 0.9330370567538678
2016.25 0.9885306596058736
2016.5 1.0043258504101877
2016.75 1.007113137314391
2017.0 1.015336003012576
2017.25 1.0160341805611999
2017.5 1.0151828781597543
2017.75 1.0236305142951516
2018.0 1.024409617962179
2018.25 1.0287574410378921
2018.5 1.016106536809574
2018.75 1.010723034384863
2019.0 1.0095659540188688
2019.25 1.0800234339782862
2019.5 1.0682614530914385
2019.75 1.0248522309565586
2020.0 0.9626805663932398
2020.25 0.9617967066457412
2020.5 0.8629891989136261
2020.75 0.7889829875516443
2021.0 0.8475323424581558
2021.25 0.8291043945259711
2021.5 0.8408053477125953
2021.75 0.8313901894717568
2022.0 0.8438011534970441
2022.25 0.8350244474213494