x_0 f(x)
#Metisa - min: 1.593813508466487, max: (8.154228355366719,)
2011.0 4.848658548227064
2011.25 4.757019367536049
2011.5 4.009870484801885
2011.75 1.9056314752486265
2012.0 1.9661850801922494
2012.25 2.087575244998488
2012.5 1.9713858500782275
2012.75 1.8681541113772224
2013.0 2.0312854231987907
2013.25 2.4129880971384114
2013.5 2.6485252606419807
2013.75 4.517978548459407
2014.0 6.165104042253159
2014.25 6.104098236771222
2014.5 8.154228355366719
2014.75 5.029038772856659
2015.0 5.726295133496216
2015.25 2.649425643825153
2015.5 2.982181702347907
2015.75 1.700233933212408
2016.0 1.7151056584464084
2016.25 1.9149631710189767
2016.5 2.008088302579952
2016.75 1.7337929328325048
2017.0 1.7111900695490778
2017.25 1.9247540881796263
2017.5 1.8303281563163831
2017.75 2.9003523118769894
2018.0 2.96361479187438
2018.25 2.895149835464736
2018.5 2.6456995376325554
2018.75 2.186477984588059
2019.0 3.2679794360083516
2019.25 2.9166434098608627
2019.5 2.865228379629829
2019.75 2.1889734429057195
2020.0 2.7047968890255714
2020.25 2.0437007692713713
2020.5 2.2546156337064467
2020.75 2.470302975021245
2021.0 3.0492243125890184
2021.25 2.033438281596014
2021.5 2.1063909705710775
2021.75 1.7767862795105718
2022.0 1.593813508466487